0.00127434 6.46439 -8.55448   -0.148298 -0.00155636       -0.68    0.104504    0.283215    0.500629 -1.05818e-16     -1.76512            0            0        0.267            0            0      2.75467    0.0749445      1.00799       -1.113 -0.000251086     -1.59399    0.0370958      1.02202   -0.0209895    -0.854931        1.113  0.000271173        1.561   -0.0280979       -1.052    0.0210068
0.0124077 6.97387 -8.55385     -0.14832 -0.000863701    -0.677979    0.0789992     0.289341     0.517591 -7.34005e-17     -1.76513            0            0        0.267            0            0      2.75467    0.0749445      1.00799       -1.113 -0.000251086     -1.59399    0.0370958      1.02202   -0.0209895    -0.854931        1.113  0.000271173        1.561   -0.0280979       -1.052    0.0210068
0.0260183 6.84595 -8.55905  -0.148404 -0.0129834  -0.677173  0.0856547   0.303007     0.5135 -1.51788e-18     -1.76552            0            0        0.267            0            0      2.75467    0.0749445      1.00799       -1.113 -0.000251086     -1.59399    0.0370958      1.02202   -0.0209895    -0.854931        1.113  0.000271173        1.561   -0.0280979       -1.052    0.0210068
0.0334464 7.83368 -8.77046   -0.14902 -0.0119559  -0.675224  0.0468387    0.32149   0.553471 -3.55727e-16     -1.76619            0            0        0.267            0            0      2.75467    0.0749445      1.00799       -1.113 -0.000251086     -1.59399    0.0370958      1.02202   -0.0209895    -0.854931        1.113  0.000271173        1.561   -0.0280979       -1.052    0.0210068
0.0335324 7.97472 -8.9192  -0.149632 -0.0185295   -0.67238   0.047224   0.339187   0.563131  8.23452e-17      -1.7669            0            0        0.267            0            0      2.75467    0.0749445      1.00799       -1.113 -0.000251086     -1.59399    0.0370958      1.02202   -0.0209895    -0.854931        1.113  0.000271173        1.561   -0.0280979       -1.052    0.0210068
0.0346457 7.04706 -8.77044  -0.150524 0.00128098   -0.66945  0.0861692   0.356309    0.52725  8.83083e-17     -1.76722            0            0        0.267            0            0      2.75467    0.0749445      1.00799       -1.113 -0.000251086     -1.59399    0.0370958      1.02202   -0.0209895    -0.854931        1.113  0.000271173        1.561   -0.0280979       -1.052    0.0210068
0.0321257 6.22819 -8.43451   -0.150013 0.000372475   -0.665692    0.110316    0.371912    0.488757  2.84603e-17     -1.76665            0            0        0.267            0            0      2.75467    0.0749445      1.00799       -1.113 -0.000251086     -1.59399    0.0370958      1.02202   -0.0209895    -0.854931        1.113  0.000271173        1.561   -0.0280979       -1.052    0.0210068
0.0331353 6.11144 -8.34225  -0.149669 0.00864387  -0.662364    0.11154   0.389872    0.48179 -5.00685e-16      -1.7661            0            0        0.267            0            0      2.75467    0.0749445      1.00799       -1.113 -0.000251086     -1.59399    0.0370958      1.02202   -0.0209895    -0.854931        1.113  0.000271173        1.561   -0.0280979       -1.052    0.0210068
0.0331629 6.71573 -8.05243  -0.148827 0.00334299  -0.659322  0.0668354   0.406103   0.492272 -1.19479e-16     -1.76544            0            0        0.267            0            0      2.75467    0.0749445      1.00799       -1.113 -0.000251086     -1.59399    0.0370958      1.02202   -0.0209895    -0.854931        1.113  0.000271173        1.561   -0.0280979       -1.052    0.0210068
0.0336414 7.60342 -8.59878   -0.148749 -0.00876285   -0.655318   0.0497681    0.422911    0.540073  1.22949e-16     -1.76591            0            0        0.267            0            0      2.75467    0.0749445      1.00799       -1.113 -0.000251086     -1.59399    0.0370958      1.02202   -0.0209895    -0.854931        1.113  0.000271173        1.561   -0.0280979       -1.052    0.0210068
0.0337426 7.28181 -9.04263   -0.149572 -0.00906311   -0.652476   0.0880411    0.440504    0.544148 -5.88722e-17     -1.76679            0            0        0.267            0            0      2.75467    0.0749445      1.00799       -1.113 -0.000251086     -1.59399    0.0370958      1.02202   -0.0209895    -0.854931        1.113  0.000271173        1.561   -0.0280979       -1.052    0.0210068
0.0326553 5.98917 -8.87654 -0.149547 0.0105288 -0.649624  0.144369  0.456945  0.495524 -1.24792e-16     -1.76544            0            0        0.267            0            0      2.75467    0.0749445      1.00799       -1.113 -0.000251086     -1.59399    0.0370958      1.02202   -0.0209895    -0.854931        1.113  0.000271173        1.561   -0.0280979       -1.052    0.0210068
0.0331732 5.50052 -8.34342  -0.148438 -0.0094714   -0.64532   0.142145   0.474904   0.461465  4.08744e-17     -1.76549            0            0        0.267            0            0      2.75467    0.0749445      1.00799       -1.113 -0.000251086     -1.59399    0.0370958      1.02202   -0.0209895    -0.854931        1.113  0.000271173        1.561   -0.0280979       -1.052    0.0210068
0.0336998 6.73419 -8.46108   -0.149415 -0.00234684   -0.642947   0.0863444    0.492602    0.506509  1.30375e-16     -1.76692            0            0        0.267            0            0      2.75467    0.0749445      1.00799       -1.113 -0.000251086     -1.59399    0.0370958      1.02202   -0.0209895    -0.854931        1.113  0.000271173        1.561   -0.0280979       -1.052    0.0210068
0.0335139 7.50865 -8.61205   -0.15017 0.00157685  -0.640245  0.0551703   0.510299   0.537357  7.04731e-18     -1.76734            0            0        0.267            0            0      2.75467    0.0749445      1.00799       -1.113 -0.000251086     -1.59399    0.0370958      1.02202   -0.0209895    -0.854931        1.113  0.000271173        1.561   -0.0280979       -1.052    0.0210068
0.0330394 6.90492 -8.90251  -0.150489 0.00920679  -0.637214  0.0998794   0.526636   0.526914    6.451e-18     -1.76682            0            0        0.267            0            0      2.75467    0.0749445      1.00799       -1.113 -0.000251086     -1.59399    0.0370958      1.02202   -0.0209895    -0.854931        1.113  0.000271173        1.561   -0.0280979       -1.052    0.0210068
0.0338724 6.43801 -9.43773  -0.149382 0.00528085  -0.632389   0.149986   0.544805   0.529191  1.78893e-17     -1.76556            0            0        0.267            0            0      2.75467    0.0749445      1.00799       -1.113 -0.000251086     -1.59399    0.0370958      1.02202   -0.0209895    -0.854931        1.113  0.000271173        1.561   -0.0280979       -1.052    0.0210068
0.0324967 5.88692 -9.82416  -0.148914 0.00887786  -0.628726   0.196862   0.561926   0.523703 -2.00903e-16     -1.76583            0            0        0.267            0            0      2.75467    0.0749445      1.00799       -1.113 -0.000251086     -1.59399    0.0370958      1.02202   -0.0209895    -0.854931        1.113  0.000271173        1.561   -0.0280979       -1.052    0.0210068
0.0336727 6.88846 -9.2948     -0.149 0.00134541  -0.623787   0.120317   0.580566   0.539442 -1.33248e-16     -1.76619            0            0        0.267            0            0      2.75467    0.0749445      1.00799       -1.113 -0.000251086     -1.59399    0.0370958      1.02202   -0.0209895    -0.854931        1.113  0.000271173        1.561   -0.0280979       -1.052    0.0210068
0.0340065 6.47829 -9.94465     -0.14963 -0.000221395    -0.618342     0.173318     0.598683     0.547431 -4.62846e-16     -1.76689            0            0        0.267            0            0      2.75467    0.0749445      1.00799       -1.113 -0.000251086     -1.59399    0.0370958      1.02202   -0.0209895    -0.854931        1.113  0.000271173        1.561   -0.0280979       -1.052    0.0210068
0.0332657 5.59761 -9.91142  -0.150846 0.00372932  -0.614114    0.21569   0.615752   0.516968  1.39645e-16     -1.76818            0            0        0.267            0            0      2.75467    0.0749445      1.00799       -1.113 -0.000251086     -1.59399    0.0370958      1.02202   -0.0209895    -0.854931        1.113  0.000271173        1.561   -0.0280979       -1.052    0.0210068
0.0345485 5.5107 -9.99281   -0.151317 0.000839135   -0.607359    0.224105    0.634078    0.516784 -1.91036e-16     -1.76821            0            0        0.267            0            0      2.75467    0.0749445      1.00799       -1.113 -0.000251086     -1.59399    0.0370958      1.02202   -0.0209895    -0.854931        1.113  0.000271173        1.561   -0.0280979       -1.052    0.0210068
0.0314294 5.68522 -10.7298  -0.151819 0.00167955  -0.598802    0.25223   0.651619   0.547168 -3.45752e-16     -1.76876            0            0        0.267            0            0      2.75467    0.0749445      1.00799       -1.113 -0.000251086     -1.59399    0.0370958      1.02202   -0.0209895    -0.854931        1.113  0.000271173        1.561   -0.0280979       -1.052    0.0210068
0.0332408 5.09781 -10.3105   -0.152473 -0.00216904   -0.592335    0.260637    0.669002    0.513612 -7.78457e-17     -1.76992            0            0        0.267            0            0      2.75467    0.0749445      1.00799       -1.113 -0.000251086     -1.59399    0.0370958      1.02202   -0.0209895    -0.854931        1.113  0.000271173        1.561   -0.0280979       -1.052    0.0210068
0.0343034 5.25832 -11.7332 -0.153491 0.0121276 -0.583091  0.323741  0.687642  0.566382 -1.96132e-16     -1.77032            0            0        0.267            0            0      2.75467    0.0749445      1.00799       -1.113 -0.000251086     -1.59399    0.0370958      1.02202   -0.0209895    -0.854931        1.113  0.000271173        1.561   -0.0280979       -1.052    0.0210068
0.0322697 4.3518 -10.7982 -0.153384  0.013861 -0.574135  0.322319  0.704869  0.504999 -3.34693e-16     -1.76999            0            0        0.267            0            0      2.75467    0.0749445      1.00799       -1.113 -0.000251086     -1.59399    0.0370958      1.02202   -0.0209895    -0.854931        1.113  0.000271173        1.561   -0.0280979       -1.052    0.0210068
0.0343063 3.95433 -10.9025 -0.152424 0.0173554 -0.561341  0.347409   0.72309  0.495228  2.62919e-17     -1.76828            0            0        0.267            0            0      2.75467    0.0749445      1.00799       -1.113 -0.000251086     -1.59399    0.0370958      1.02202   -0.0209895    -0.854931        1.113  0.000271173        1.561   -0.0280979       -1.052    0.0210068
0.0323687 4.1099 -11.5286 -0.150733 0.0218401  -0.54944  0.370933  0.738641  0.521282 -4.01155e-17     -1.76697            0            0        0.267            0            0      2.75467    0.0749445      1.00799       -1.113 -0.000251086     -1.59399    0.0370958      1.02202   -0.0209895    -0.854931        1.113  0.000271173        1.561   -0.0280979       -1.052    0.0210068
0.033716 3.31898 -10.3279 -0.149442 0.0048305 -0.535845  0.350448  0.756286  0.454897 -1.00397e-16     -1.76581            0            0        0.267            0            0      2.75467    0.0749445      1.00799       -1.113 -0.000251086     -1.59399    0.0370958      1.02202   -0.0209895    -0.854931        1.113  0.000271173        1.561   -0.0280979       -1.052    0.0210068
0.0333135 2.61639 -10.8946   -0.14766 0.00159011  -0.521758   0.413911   0.770476   0.450367 -5.91974e-17     -1.76308            0            0        0.267            0            0      2.75467    0.0749445      1.00799       -1.113 -0.000251086     -1.59399    0.0370958      1.02202   -0.0209895    -0.854931        1.113  0.000271173        1.561   -0.0280979       -1.052    0.0210068
0.033067 1.75258 -8.39182 -0.144337 -0.010579  -0.50545  0.331962   0.78388  0.338147 -5.38632e-16     -1.75951            0            0        0.267            0            0      2.75467    0.0749445      1.00799       -1.113 -0.000251086     -1.59399    0.0370958      1.02202   -0.0209895    -0.854931        1.113  0.000271173        1.561   -0.0280979       -1.052    0.0210068
0.0333081 1.1002 -7.90067   -0.140327 0.000813784   -0.490968    0.340023    0.793828    0.300029  -9.0314e-17     -1.75461            0            0        0.267            0            0      2.75467    0.0749445      1.00799       -1.113 -0.000251086     -1.59399    0.0370958      1.02202   -0.0209895    -0.854931        1.113  0.000271173        1.561   -0.0280979       -1.052    0.0210068
0.0334298 1.22714 -6.51347  -0.136297 -0.0160267  -0.476571   0.264316   0.802834    0.25802   2.3435e-16     -1.75164            0            0        0.267            0            0      2.75467    0.0749445      1.00799       -1.113 -0.000251086     -1.59399    0.0370958      1.02202   -0.0209895    -0.854931        1.113  0.000271173        1.561   -0.0280979       -1.052    0.0210068
0.0342588 -0.898573 -4.58995  -0.133007 -0.0084733  -0.463228   0.274426   0.808175   0.123046  5.58364e-18     -1.74784            0            0        0.267            0            0      2.75467    0.0749445      1.00799       -1.113 -0.000251086     -1.59399    0.0370958      1.02202   -0.0209895    -0.854931        1.113  0.000271173        1.561   -0.0280979       -1.052    0.0210068
0.0323948 -1.77889 -2.59981  -0.129615 -0.0225309  -0.450777   0.218935   0.810426   0.027364  8.20199e-17     -1.74537            0            0        0.267            0            0      2.75467    0.0749445      1.00799       -1.113 -0.000251086     -1.59399    0.0370958      1.02202   -0.0209895    -0.854931        1.113  0.000271173        1.561   -0.0280979       -1.052    0.0210068
0.0334678 -2.52904 -1.3843   -0.127237 -0.00338312   -0.441121    0.195667    0.810583  -0.0381578  1.06902e-16     -1.74242            0            0        0.267            0            0      2.75467    0.0749392      1.00799       -1.113 -0.000251086     -1.59399    0.0370958      1.02202   -0.0209895    -0.854931        1.113  0.000271173        1.561   -0.0280979       -1.052    0.0210068
0.033205 -3.39383 -0.277449  -0.124291 0.00196287  -0.431055   0.183564   0.807546  -0.103879 -7.07984e-17     -1.73964            0            0        0.267            0            0      2.75467    0.0749392      1.00799       -1.113 -0.000251086     -1.59399    0.0370958      1.02202   -0.0209895    -0.854931        1.113  0.000271173        1.561   -0.0280979       -1.052    0.0210068
0.0337401 -4.12052 1.02862    -0.12162 -0.00411612   -0.422624    0.154595    0.802939   -0.171638  2.13642e-16     -1.73743            0            0        0.267            0            0      2.75467    0.0749392      1.00799       -1.113 -0.000251086     -1.59399    0.0370958      1.02202   -0.0209895    -0.854931        1.113  0.000271173        1.561   -0.0280979       -1.052    0.0210068
0.0345123 -2.86591 -0.84873  -0.126092 0.00512196  -0.420865   0.185732   0.797336 -0.0672395  6.50521e-17     -1.74884            0            0        0.267            0            0      2.75467    0.0749445      1.00799       -1.113 -0.000251086     -1.59399    0.0370958      1.02202   -0.0209895    -0.854931        1.113  0.000271173        1.561   -0.0280979       -1.052    0.0210068
0.0318249 -3.50721 -2.31046   -0.135373 7.41647e-05   -0.421664    0.290883    0.795661  -0.0398915 -1.27394e-16     -1.75531            0            0        0.267            0            0      2.75467    0.0749445      1.00799       -1.113 -0.000251086     -1.59399    0.0370958      1.02202   -0.0209895    -0.854931        1.113  0.000271173        1.561   -0.0280979       -1.052    0.0210068
0.0340226 -3.40741 -2.74899   -0.13996  0.0019107  -0.416354    0.30782   0.794771 -0.0219471 -2.61293e-16     -1.75834            0            0        0.267            0            0      2.75467    0.0749497      1.00799       -1.113 -0.000251086     -1.59399    0.0370958      1.02202   -0.0209895    -0.854931        1.113  0.000271173        1.561   -0.0280979       -1.052    0.0210068
0.0341317 -2.41084 -4.67394 -0.144004 0.0092369 -0.408879  0.354239  0.794771 0.0754367 -2.80808e-17     -1.76307            0            0        0.267            0            0      2.75467    0.0749497      1.00799       -1.113 -0.000251086     -1.59399    0.0370958      1.02202   -0.0209895    -0.854931        1.113  0.000271173        1.561   -0.0280979       -1.052    0.0210068
0.0319459 -1.90838 -6.65269 -0.149309 0.0047389 -0.402823  0.428054  0.798593  0.158144  2.86771e-17      -1.7691            0            0        0.267            0            0      2.75467    0.0749497      1.00799       -1.113 -0.000251086     -1.59399    0.0370958      1.02202   -0.0209895    -0.854931        1.113  0.000271173        1.561   -0.0280979       -1.052    0.0210068
0.0333655 -1.00926 -8.67892   -0.154919 -0.00640884   -0.392777    0.484409    0.805243    0.255655  1.60841e-16      -1.7742            0            0        0.267            0            0      2.75467    0.0749497      1.00799       -1.113 -0.000251086     -1.59399    0.0370958      1.02202   -0.0209895    -0.854931        1.113  0.000271173        1.561   -0.0280979       -1.052    0.0210068
0.0330932 -1.03476 -9.54069   -0.158796 -0.00367864   -0.380789    0.528772     0.81273    0.283531  2.38633e-16     -1.77681            0            0        0.267            0            0      2.75467    0.0749497      1.00799       -1.113 -0.000251086     -1.59399    0.0370958      1.02202   -0.0209895    -0.854931        1.113  0.000271173        1.561   -0.0280979       -1.052    0.0210068
0.0336507 0.0141742 -10.7815   -0.162243 -0.00420974   -0.365962    0.538364    0.823045    0.359854 -3.48354e-16     -1.78125            0            0        0.267            0            0      2.75467    0.0749497      1.00799       -1.113 -0.000251086     -1.59399    0.0370958      1.02202   -0.0209895    -0.854931        1.113  0.000271173        1.561   -0.0280979       -1.052    0.0210068
0.0332896 0.103463 -11.8168  -0.165703 0.00478975  -0.351515   0.585665   0.834459   0.397341  1.86158e-16     -1.78368            0            0        0.267            0            0      2.75467    0.0749497      1.00799       -1.113 -0.000251086     -1.59399    0.0370958      1.02202   -0.0209895    -0.854931        1.113  0.000271173        1.561   -0.0280979       -1.052    0.0210068
0.0330297 -0.452704 -12.1042  -0.167622 0.00447614  -0.332124   0.627848   0.849277   0.388385 -1.78893e-16       -1.785            0            0        0.267            0            0      2.75467    0.0749497      1.00799       -1.113 -0.000251086     -1.59399    0.0370958      1.02202   -0.0209895    -0.854931        1.113  0.000271173        1.561   -0.0280979       -1.052    0.0210068
0.0335211 0.412391 -12.7413  -0.167824 0.00329028  -0.311801   0.616443   0.862681   0.438455  2.99294e-16     -1.78458            0            0        0.267            0            0      2.75467    0.0749497      1.00799       -1.113 -0.000251086     -1.59399    0.0370958      1.02202   -0.0209895    -0.854931        1.113  0.000271173        1.561   -0.0280979       -1.052    0.0210068
0.0330782 -0.253509 -13.3245 -0.166758 0.0124479  -0.28822  0.678899  0.878285  0.435698  1.54607e-16     -1.78239            0            0        0.267            0            0      2.75467    0.0749445      1.00799       -1.113 -0.000251086     -1.59399    0.0370958      1.02202   -0.0209895    -0.854931        1.113  0.000271173        1.561   -0.0280979       -1.052    0.0210068
0.0333243 -0.452696 -12.6488   -0.164393 -0.00440905   -0.264125    0.655075    0.891532    0.406537 -6.28837e-17      -1.7804            0            0        0.267            0            0      2.75467    0.0749445      1.00799       -1.113 -0.000251086     -1.59399    0.0370958      1.02202   -0.0209895    -0.854931        1.113  0.000271173        1.561   -0.0280979       -1.052    0.0210068
0.0335891 -1.43673 -12.2218  -0.162456 -0.0132844  -0.237946   0.682927   0.905721   0.359503 -3.52799e-16      -1.7785            0            0        0.267            0            0      2.75467    0.0749445      1.00799       -1.113 -0.000251086     -1.59399    0.0370958      1.02202   -0.0209895    -0.854931        1.113  0.000271173        1.561   -0.0280979       -1.052    0.0210068
0.0331196 -1.38296 -12.112  -0.160231 0.00445262  -0.213258   0.674746   0.916455   0.357633  6.94431e-17     -1.77541            0            0        0.267            0            0      2.75467    0.0749445      1.00799       -1.113 -0.000251086     -1.59399    0.0370958      1.02202   -0.0209895    -0.854931        1.113  0.000271173        1.561   -0.0280979       -1.052    0.0210068
0.0336009 -2.87509 -10.6883 -0.156143 0.0250629 -0.187494  0.678171  0.925984  0.260441 -3.46836e-16     -1.77027            0            0        0.267            0            0      2.75467    0.0749392      1.00799       -1.113 -0.000251086     -1.59399    0.0370958      1.02202   -0.0209895    -0.854931        1.113  0.000271173        1.561   -0.0280979       -1.052    0.0210068
0.0332446 -4.35025 -9.88288  -0.15012  0.024521 -0.158222  0.711657  0.935095  0.184421  4.27718e-17     -1.76385            0            0        0.267            0            0      2.75467    0.0749392      1.00799       -1.113 -0.000251086     -1.59399    0.0370958      1.02202   -0.0209895    -0.854931        1.113  0.000271173        1.561   -0.0280979       -1.052    0.0210068
0.033316 -5.76278 -8.61934   -0.144681 -0.00581191   -0.130007    0.719106    0.941535   0.0952187 -2.00794e-16     -1.75946            0            0        0.267            0            0      2.75467    0.0749392      1.00799       -1.113 -0.000251086     -1.59399    0.0370958      1.02202   -0.0209895    -0.854931        1.113  0.000271173        1.561   -0.0280979       -1.052    0.0210068
0.0329972 -7.10733 -7.09031    -0.140927   -0.0011424    -0.103739     0.709882     0.942792 -0.000567253  7.61652e-17     -1.75587            0            0        0.267            0            0      2.75467    0.0749392      1.00799       -1.113 -0.000251086     -1.59399    0.0370958      1.02202   -0.0209895    -0.854931        1.113  0.000271173        1.561   -0.0280979       -1.052    0.0210068
0.0338925 -6.91127 -6.58338  -0.137545 -0.0133856 -0.0765853   0.674733   0.942687 -0.0109296 -3.46945e-16     -1.75305            0            0        0.267            0            0      2.75467    0.0749392      1.00799       -1.113 -0.000251086     -1.59399    0.0370958      1.02202   -0.0209895    -0.854931        1.113  0.000271173        1.561   -0.0280979       -1.052    0.0210068
0.0331959 -8.0526 -5.12557  -0.134487 -0.0186476 -0.0513264   0.658909   0.941431 -0.0975676 -4.80627e-16     -1.74957            0            0        0.267            0            0      2.75467    0.0749392      1.00799       -1.113 -0.000251086     -1.59399    0.0370958      1.02202   -0.0209895    -0.854931        1.113  0.000271173        1.561   -0.0280979       -1.052    0.0210068
0.0331204 -8.87346 -3.76411   -0.13217 -0.0321194 -0.0262326   0.631879   0.934467  -0.170312 -6.44016e-17     -1.74892            0            0        0.267            0            0      2.75467    0.0749392      1.00799       -1.113 -0.000251086     -1.59399    0.0370958      1.02202   -0.0209895    -0.854931        1.113  0.000271173        1.561   -0.0280979       -1.052    0.0210068
0.0343264 -9.88517 -2.61362   -0.131869  -0.0176869 -0.00373129    0.624939    0.927241   -0.242385 -4.35416e-16     -1.74861            0            0        0.267            0            0      2.75467    0.0749392      1.00799       -1.113 -0.000251086     -1.59399    0.0370958      1.02202   -0.0209895    -0.854931        1.113  0.000271173        1.561   -0.0280979       -1.052    0.0210068
0.0338897 -8.99598 -1.53412  -0.130844 -0.0176106  0.0167714   0.526505   0.919492  -0.248729 -2.89265e-16     -1.74622            0            0        0.267            0            0      2.75467    0.0749392      1.00799       -1.113 -0.000251086     -1.59399    0.0370958      1.02202   -0.0209895    -0.854931        1.113  0.000271173        1.561   -0.0280979       -1.052    0.0210068
0.0323852 -9.73357 -1.67274 -0.130313  0.017387 0.0362049  0.570315  0.909596 -0.268694  2.06541e-16     -1.74745            0            0        0.267            0            0      2.75467    0.0749445      1.00799       -1.113 -0.000251086     -1.59399    0.0370958      1.02202   -0.0209895    -0.854931        1.113  0.000271173        1.561   -0.0280979       -1.052    0.0210068
0.0326695 -8.653 -3.24308 -0.133674 0.0109402 0.0512216  0.594804  0.903051 -0.180331 -2.50884e-16     -1.75345            0            0        0.267            0            0      2.75467    0.0749445      1.00799       -1.113 -0.000251086     -1.59399    0.0370958      1.02202   -0.0209895    -0.854931        1.113  0.000271173        1.561   -0.0280979       -1.052    0.0210068
0.0337622 -8.7331 -4.42357    -0.139579 -0.000324295    0.0668893     0.657833     0.896349    -0.143651 -2.55438e-16     -1.75929            0            0        0.267            0            0      2.75467    0.0749445      1.00799       -1.113 -0.000251086     -1.59399    0.0370958      1.02202   -0.0209895    -0.854931        1.113  0.000271173        1.561   -0.0280979       -1.052    0.0210068
0.0329242 -7.97343 -6.21223    -0.14526 -0.00591943     0.08367    0.709283    0.893783  -0.0587067 -2.90133e-16     -1.76496            0            0        0.267            0            0      2.75467    0.0749497      1.00799       -1.113 -0.000251086     -1.59399    0.0370958      1.02202   -0.0209895    -0.854931        1.113  0.000271173        1.561   -0.0280979       -1.052    0.0210068
0.0334676 -6.29605 -8.89279    -0.151335 -6.64785e-06     0.103409     0.759442     0.893835    0.0865581 -3.20924e-17     -1.77144            0            0        0.267            0            0      2.75467    0.0749497      1.00799       -1.113 -0.000251086     -1.59399    0.0370958      1.02202   -0.0209895    -0.854931        1.113  0.000271173        1.561   -0.0280979       -1.052    0.0210068
0.0338207 -4.19168 -10.3758  -0.157021 -0.0079617   0.122122   0.728373   0.897187   0.206137 -2.61835e-16     -1.77639            0            0        0.267            0            0      2.75467    0.0749497      1.00799       -1.113 -0.000251086     -1.59399    0.0370958      1.02202   -0.0209895    -0.854931        1.113  0.000271173        1.561   -0.0280979       -1.052    0.0210068
0.0328271 -3.25904 -11.7026   -0.162032 -0.00123337     0.14282    0.748084    0.907187    0.281454  1.40784e-16     -1.78103            0            0        0.267            0            0      2.75467    0.0749497      1.00799       -1.113 -0.000251086     -1.59399    0.0370958      1.02202   -0.0209895    -0.854931        1.113  0.000271173        1.561   -0.0280979       -1.052    0.0210068
0.0333954 -1.48455 -14.4443  -0.166449 -0.0128605   0.164793   0.796442   0.917869   0.431991 -2.82977e-17     -1.78587            0            0        0.267            0            0      2.75467     0.074955      1.00799       -1.113 -0.000251086     -1.59399    0.0370958      1.02202   -0.0209895    -0.854931        1.113  0.000271173        1.561   -0.0280979       -1.052    0.0210068
0.0340006 -0.536361 -15.579  -0.171261 -0.0144822    0.18883   0.805766   0.933315    0.50142  2.87314e-17     -1.79022            0            0        0.267            0            0      2.75467    0.0749497      1.00799       -1.113 -0.000251086     -1.59399    0.0370958      1.02202   -0.0209895    -0.854931        1.113  0.000271173        1.561   -0.0280979       -1.052    0.0210068
0.0326781 0.328693 -17.046   -0.17511 -0.0202699   0.211267   0.835867   0.950489   0.579158 -6.36427e-17     -1.79351            0            0        0.267            0            0      2.75467    0.0749497      1.00799       -1.113 -0.000251086     -1.59399    0.0370958      1.02202   -0.0209895    -0.854931        1.113  0.000271173        1.561   -0.0280979       -1.052    0.0210068
0.0334682 1.01357 -16.7619  -0.176277 0.00829868   0.236332   0.787417   0.968344   0.592516 -1.34441e-16      -1.7915            0            0        0.267            0            0      2.75467    0.0749497      1.00799       -1.113 -0.000251086     -1.59399    0.0370958      1.02202   -0.0209895    -0.854931        1.113  0.000271173        1.561   -0.0280979       -1.052    0.0210068
0.033183 1.22432 -17.3299 -0.172989 0.0438569    0.2658  0.805279  0.989916  0.618474 -2.11853e-16     -1.78753            0            0        0.267            0            0      2.75467    0.0749445      1.00799       -1.113 -0.000251086     -1.59399    0.0370958      1.02202   -0.0209895    -0.854931        1.113  0.000271173        1.561   -0.0280979       -1.052    0.0210068
0.0330814 2.20888 -17.3204 -0.168415 0.0324548  0.294511  0.755575   1.01039  0.650975 -1.11998e-16     -1.78327            0            0        0.267            0            0      2.75467    0.0749445      1.00799       -1.113 -0.000251086     -1.59399    0.0370958      1.02202   -0.0209895    -0.854931        1.113  0.000271173        1.561   -0.0280979       -1.052    0.0210068
0.0334786 -0.342432 -15.7254  -0.163985 0.00487388   0.326431   0.803391    1.03097   0.512765  2.35922e-16       -1.779            0            0        0.267            0            0      2.75467    0.0749445      1.00799       -1.113 -0.000251086     -1.59399    0.0370958      1.02202   -0.0209895    -0.854931        1.113  0.000271173        1.561   -0.0280979       -1.052    0.0210068
0.0332655 -0.88775 -15.4026  -0.159986 0.00588414   0.356243   0.814516    1.04704   0.483827  5.33373e-16     -1.77477            0            0        0.267            0            0      2.75467    0.0749392      1.00799       -1.113 -0.000251086     -1.59399    0.0370958      1.02202   -0.0209895    -0.854931        1.113  0.000271173        1.561   -0.0280979       -1.052    0.0210068
0.0339143 -2.48726 -13.8572  -0.154677 -0.0151464   0.390664   0.817222    1.06212   0.378997 -4.25658e-16      -1.7689            0            0        0.267            0            0      2.75467    0.0749392      1.00799       -1.113 -0.000251086     -1.59399    0.0370958      1.02202   -0.0209895    -0.854931        1.113  0.000271173        1.561   -0.0280979       -1.052    0.0210068
0.0331805 -3.30221 -11.6195  -0.149883 -0.0418615   0.422738   0.746085    1.07139   0.277243 -4.51028e-17     -1.76513            0            0        0.267            0            0      2.75467    0.0749339      1.00799       -1.113 -0.000251086     -1.59399    0.0370958      1.02202   -0.0209895    -0.854931        1.113  0.000271173        1.561   -0.0280979       -1.052    0.0210068
0.0329482 -4.03368 -9.97665  -0.146627 -0.0294747    0.45097   0.700516    1.07908   0.198099  1.33519e-16     -1.76156            0            0        0.267            0            0      2.75467    0.0749339      1.00799       -1.113 -0.000251086     -1.59399    0.0370958      1.02202   -0.0209895    -0.854931        1.113  0.000271173        1.561   -0.0280979       -1.052    0.0210068
0.0342419 -5.7584 -8.59243  -0.141922 0.00112474   0.480859   0.717542    1.08374  0.0944677 -8.55436e-17     -1.75533            0            0        0.267            0            0      2.75467    0.0749339      1.00799       -1.113 -0.000251086     -1.59399    0.0370958      1.02202   -0.0209895    -0.854931        1.113  0.000271173        1.561   -0.0280979       -1.052    0.0210068
0.034963 -8.02863 -5.84487  -0.137835 -0.0151281   0.509503   0.693675    1.08432 -0.0727922  1.37639e-16     -1.75459            0            0        0.267            0            0      2.75467    0.0749339      1.00799       -1.113 -0.000251086     -1.59399    0.0370958      1.02202   -0.0209895    -0.854931        1.113  0.000271173        1.561   -0.0280979       -1.052    0.0210068
0.0316414 -7.75994 -5.97261  -0.137142 -0.0202099   0.533915   0.686628    1.08312 -0.0595776 -2.85037e-16     -1.75306            0            0        0.267            0            0      2.75467    0.0749392      1.00799       -1.113 -0.000251086     -1.59399    0.0370958      1.02202   -0.0209895    -0.854931        1.113  0.000271173        1.561   -0.0280979       -1.052    0.0210068
0.0325521 -9.35524 -4.21257  -0.134427 0.00147308   0.558831    0.67839    1.07799  -0.171422 -1.04626e-16     -1.74886            0            0        0.267            0            0      2.75467    0.0749392      1.00799       -1.113 -0.000251086     -1.59399    0.0370958      1.02202   -0.0209895    -0.854931        1.113  0.000271173        1.561   -0.0280979       -1.052    0.0210068
0.0333607 -10.1636 -2.86061 -0.129831 0.0220926  0.584946  0.651209   1.07029 -0.243432 -2.39067e-16     -1.74435            0            0        0.267            0            0      2.75467    0.0749392      1.00799       -1.113 -0.000251086     -1.59399    0.0370958      1.02202   -0.0209895    -0.854931        1.113  0.000271173        1.561   -0.0280979       -1.052    0.0210068
0.0333625 -10.5035 -4.35851 -0.130517 0.0207255    0.6051  0.743103    1.0639 -0.204834  2.19334e-16     -1.75041            0            0        0.267            0            0      2.75467    0.0749392      1.00799       -1.113 -0.000251086     -1.59399    0.0370958      1.02202   -0.0209895    -0.854931        1.113  0.000271173        1.561   -0.0280979       -1.052    0.0210068
0.034039 -9.82944 -5.94176  -0.137907 0.00386459   0.623838    0.78856    1.05893  -0.129589 -1.70437e-16     -1.75914            0            0        0.267            0            0      2.75467    0.0749445      1.00799       -1.113 -0.000251086     -1.59399    0.0370958      1.02202   -0.0209895    -0.854931        1.113  0.000271173        1.561   -0.0280979       -1.052    0.0210068
0.0326908 -8.11865 -6.77689  -0.143585 -0.0192894   0.642454   0.744777    1.05599 -0.0447251  3.27971e-17     -1.76161            0            0        0.267            0            0      2.75467     0.074955      1.00799       -1.113 -0.000251086     -1.59399    0.0370958      1.02202   -0.0209895    -0.854931        1.113  0.000271173        1.561   -0.0280979       -1.052    0.0210068
0.0334595 -9.54866 -7.70093  -0.148036 -0.0108266    0.66633    0.86248    1.05416 -0.0615909 -5.56196e-17     -1.76768            0            0        0.267            0            0      2.75467     0.074955      1.00799       -1.113 -0.000251086     -1.59399    0.0370958      1.02202   -0.0209895    -0.854931        1.113  0.000271173        1.561   -0.0280979       -1.052    0.0210068
0.0328851 -9.15214 -10.1792  -0.155014 -0.0174742   0.687102   0.966567    1.05437  0.0342349 -2.37007e-16     -1.77596            0            0        0.267            0            0      2.75467    0.0749497      1.00799       -1.113 -0.000251086     -1.59399    0.0370958      1.02202   -0.0209895    -0.854931        1.113  0.000271173        1.561   -0.0280979       -1.052    0.0210068
0.0334616 -6.56245 -11.8206   -0.16138 -0.0241956   0.715137   0.919155    1.05756   0.175273 -2.79833e-16     -1.78063            0            0        0.267            0            0      2.75467    0.0749497      1.00799       -1.113 -0.000251086     -1.59399    0.0370958      1.02202   -0.0209895    -0.854931        1.113  0.000271173        1.561   -0.0280979       -1.052    0.0210068
0.034447 -6.94337 -12.1615  -0.165095 -0.0242093   0.743833   0.955245    1.06065   0.173939  -3.8706e-17     -1.78286            0            0        0.267            0            0      2.75467     0.074955      1.00799       -1.113 -0.000251086     -1.59399    0.0370958      1.02202   -0.0209895    -0.854931        1.113  0.000271173        1.561   -0.0280979       -1.052    0.0210068
0.0322714 -5.281 -13.304  -0.166855 0.00682191   0.771814   0.929248    1.06694   0.267432 -2.64112e-16     -1.78396            0            0        0.267            0            0      2.75467     0.074955      1.00799       -1.113 -0.000251086     -1.59399    0.0370958      1.02202   -0.0209895    -0.854931        1.113  0.000271173        1.561   -0.0280979       -1.052    0.0210068
0.0332664 -5.42346 -13.8541 -0.167069 0.0185159  0.803539  0.963879   1.07814  0.281022 -8.43509e-17     -1.78366            0            0        0.267            0            0      2.75467    0.0749497      1.00799       -1.113 -0.000251086     -1.59399    0.0370958      1.02202   -0.0209895    -0.854931        1.113  0.000271173        1.561   -0.0280979       -1.052    0.0210068
0.0332921 -5.00335 -14.3443 -0.166684 0.0100209  0.834921  0.967385   1.08736  0.311366 -5.03612e-16     -1.78346            0            0        0.267            0            0      2.75467    0.0749497      1.00799       -1.113 -0.000251086     -1.59399    0.0370958      1.02202   -0.0209895    -0.854931        1.113  0.000271173        1.561   -0.0280979       -1.052    0.0210068
0.0334701 -3.63913 -14.447  -0.16592 0.0246635  0.867624  0.904306   1.09951  0.360262 -7.50268e-17     -1.78125            0            0        0.267            0            0      2.75467    0.0749497      1.00799       -1.113 -0.000251086     -1.59399    0.0370958      1.02202   -0.0209895    -0.854931        1.113  0.000271173        1.561   -0.0280979       -1.052    0.0210068
0.0343234 -3.08339 -14.9159 -0.162769 0.0144975  0.902715  0.899964    1.1127  0.394417   9.3133e-17      -1.7785            0            0        0.267            0            0      2.75467    0.0749445      1.00799       -1.113 -0.000251086     -1.59399    0.0370958      1.02202   -0.0209895    -0.854931        1.113  0.000271173        1.561   -0.0280979       -1.052    0.0210068
0.0322463 -3.52226 -14.2194 -0.159286 0.0265671  0.933896  0.887082   1.12417  0.356571   1.0327e-16     -1.77347            0            0        0.267            0            0      2.75467    0.0749445      1.00799       -1.113 -0.000251086     -1.59399    0.0370958      1.02202   -0.0209895    -0.854931        1.113  0.000271173        1.561   -0.0280979       -1.052    0.0210068
0.0332525 -3.71115 -14.0924 -0.154425 0.0326968   0.96656  0.890176    1.1349   0.34604 -1.14058e-16     -1.76889            0            0        0.267            0            0      2.75467    0.0749445      1.00799       -1.113 -0.000251086     -1.59399    0.0370958      1.02202   -0.0209895    -0.854931        1.113  0.000271173        1.561   -0.0280979       -1.052    0.0210068
0.033422 -3.7966 -13.836  -0.150869 0.00615963    1.00001   0.881631    1.14752   0.334647  2.58474e-16      -1.7669            0            0        0.267            0            0      2.75467    0.0749445      1.00799       -1.113 -0.000251086     -1.59399    0.0370958      1.02202   -0.0209895    -0.854931        1.113  0.000271173        1.561   -0.0280979       -1.052    0.0210068
0.0349073 -4.66442 -12.3549  -0.148557 0.00192562    1.03228   0.850968    1.15831   0.256351 -3.25261e-19     -1.76377            0            0        0.267            0            0      2.75467    0.0749392      1.00799       -1.113 -0.000251086     -1.59399    0.0370958      1.02202   -0.0209895    -0.854931        1.113  0.000271173        1.561   -0.0280979       -1.052    0.0210068
0.0347545 -4.67634 -11.6425  -0.145309 0.00473978    1.06322   0.815944    1.16516   0.232206 -3.35561e-16     -1.76054            0            0        0.267            0            0      2.75467    0.0749339      1.00799       -1.113 -0.000251086     -1.59399    0.0370958      1.02202   -0.0209895    -0.854931        1.113  0.000271173        1.561   -0.0280979       -1.052    0.0210068
0.0308739 -6.31722 -10.4988   -0.141462 -0.00806808     1.09372    0.840799     1.17066    0.139385 -2.75821e-16     -1.75648            0            0        0.267            0            0      2.75467    0.0749339      1.00799       -1.113 -0.000251086     -1.59399    0.0370958      1.02202   -0.0209895    -0.854931        1.113  0.000271173        1.561   -0.0280979       -1.052    0.0210068
0.0328013 -8.01118 -8.64203  -0.138409 -0.0354285    1.12646   0.832661    1.17291  0.0210283  2.53378e-16     -1.75439            0            0        0.267            0            0      2.75467    0.0749392      1.00799       -1.113 -0.000251086     -1.59399    0.0370958      1.02202   -0.0209895    -0.854931        1.113  0.000271173        1.561   -0.0280979       -1.052    0.0210068
0.0332463 -7.10348 -7.02726   -0.136598  -0.0247241     1.15372    0.706537     1.17354 -0.00254066   3.6852e-16     -1.75238            0            0        0.267            0            0      2.75467    0.0749392      1.00799       -1.113 -0.000251086     -1.59399    0.0370958      1.02202   -0.0209895    -0.854931        1.113  0.000271173        1.561   -0.0280979       -1.052    0.0210068
0.0341697 -8.00816 -6.82412  -0.134684 -0.0131363    1.18187   0.741614    1.17213  -0.039468  -8.4893e-17     -1.75046            0            0        0.267            0            0      2.75467    0.0749392      1.00799       -1.113 -0.000251086     -1.59399    0.0370958      1.02202   -0.0209895    -0.854931        1.113  0.000271173        1.561   -0.0280979       -1.052    0.0210068
0.0326125 -8.47165 -5.49213  -0.132706 -0.0116842    1.20636   0.698189    1.16982 -0.0993173 -1.86374e-16     -1.74843            0            0        0.267            0            0      2.75467    0.0749392      1.00799       -1.113 -0.000251086     -1.59399    0.0370958      1.02202   -0.0209895    -0.854931        1.113  0.000271173        1.561   -0.0280979       -1.052    0.0210068
0.0333544 -7.40441 -4.43472  -0.131089 -0.0210443    1.23154   0.591957    1.16564 -0.0989897  5.56738e-17     -1.74761            0            0        0.267            0            0      2.75467    0.0749392      1.00799       -1.113 -0.000251086     -1.59399    0.0370958      1.02202   -0.0209895    -0.854931        1.113  0.000271173        1.561   -0.0280979       -1.052    0.0210068
0.0332914 -7.58519 -4.01125   -0.131442 -0.00993773     1.25024    0.579822     1.16396   -0.119131   2.1684e-18      -1.7486            0            0        0.267            0            0      2.75467    0.0749392      1.00799       -1.113 -0.000251086     -1.59399    0.0370958      1.02202   -0.0209895    -0.854931        1.113  0.000271173        1.561   -0.0280979       -1.052    0.0210068
0.0346273 -5.77964 -3.80129   -0.131491 -0.00836011     1.26878    0.479046     1.16077  -0.0659452  9.04225e-17     -1.74806            0            0        0.267            0            0      2.75467    0.0749392      1.00799       -1.113 -0.000251086     -1.59399    0.0370958      1.02202   -0.0209895    -0.854931        1.113  0.000271173        1.561   -0.0280979       -1.052    0.0210068
0.0324647 -3.40395 -3.9116    -0.131205 -0.000364884       1.2831     0.365777      1.15993    0.0169217  1.11077e-16     -1.74763            0            0        0.267            0            0      2.75467    0.0749392      1.00799       -1.113 -0.000251086     -1.59399    0.0370958      1.02202   -0.0209895    -0.854931        1.113  0.000271173        1.561   -0.0280979       -1.052    0.0210068
0.0330088 -13.8494 -2.05259  -0.132307 0.00105535    1.29865   0.795098     1.1548  -0.393226  4.57533e-16     -1.75084            0            0        0.267            0            0      2.75467    0.0749392      1.00799       -1.113 -0.000251086     -1.59399    0.0370958      1.02202   -0.0209895    -0.854931        1.113  0.000271173        1.561   -0.0280979       -1.052    0.0210068
0.0331469 -10.9623 -3.77198  -0.139386 -0.0164962    1.31655   0.736712    1.14647  -0.239677  1.84206e-16     -1.76162            0            0        0.267            0            0      2.75467    0.0749392      1.00799       -1.113 -0.000251086     -1.59399    0.0370958      1.02202   -0.0209895    -0.854931        1.113  0.000271173        1.561   -0.0280979       -1.052    0.0210068
0.033924 -11.8266 -4.7638   -0.146632 -0.00157051     1.33773     0.82952     1.13783   -0.235426 -2.29851e-16     -1.76479            0            0        0.267            0            0      2.75467    0.0749497      1.00799       -1.113 -0.000251086     -1.59399    0.0370958      1.02202   -0.0209895    -0.854931        1.113  0.000271173        1.561   -0.0280979       -1.052    0.0210068
0.0330154 -11.7895 -6.09774  -0.149985 0.00737861    1.36244   0.894363    1.13124  -0.189726  2.28767e-17     -1.76866            0            0        0.267            0            0      2.75467    0.0749497      1.00799       -1.113 -0.000251086     -1.59399    0.0370958      1.02202   -0.0209895    -0.854931        1.113  0.000271173        1.561   -0.0280979       -1.052    0.0210068
0.0333565 -10.7391 -8.0599  -0.154655 0.00756135    1.38694    0.93995    1.12689 -0.0893064 -4.13189e-16     -1.77404            0            0        0.267            0            0      2.75467    0.0749497      1.00799       -1.113 -0.000251086     -1.59399    0.0370958      1.02202   -0.0209895    -0.854931        1.113  0.000271173        1.561   -0.0280979       -1.052    0.0210068
0.0332838 -8.92155 -10.8927  -0.160074 -0.0124301    1.41597   0.990713    1.12574  0.0657055 -5.20417e-18     -1.78022            0            0        0.267            0            0      2.75467    0.0749497      1.00799       -1.113 -0.000251086     -1.59399    0.0370958      1.02202   -0.0209895    -0.854931        1.113  0.000271173        1.561   -0.0280979       -1.052    0.0210068
0.0332239 -8.41293 -11.9152  -0.165163 -0.0117117    1.44277    1.01641    1.12736   0.116742 -2.13696e-16     -1.78349            0            0        0.267            0            0      2.75467     0.074955      1.00799       -1.113 -0.000251086     -1.59399    0.0370958      1.02202   -0.0209895    -0.854931        1.113  0.000271173        1.561   -0.0280979       -1.052    0.0210068
0.0335795 -7.86296 -12.725  -0.168673 -0.0215803    1.47497     1.0294     1.1326   0.162067  3.57624e-16     -1.78724            0            0        0.267            0            0      2.75467    0.0749497      1.00799       -1.113 -0.000251086     -1.59399    0.0370958      1.02202   -0.0209895    -0.854931        1.113  0.000271173        1.561   -0.0280979       -1.052    0.0210068
0.033023 -5.42938 -14.2423     -0.1715 -0.00441795     1.50492    0.983586     1.14014    0.293765  1.68593e-17     -1.78918            0            0        0.267            0            0      2.75467    0.0749497      1.00799       -1.113 -0.000251086     -1.59399    0.0370958      1.02202   -0.0209895    -0.854931        1.113  0.000271173        1.561   -0.0280979       -1.052    0.0210068
0.0341966 -5.97067 -15.2769   -0.17335 -0.0112566    1.53915    1.06238    1.15139   0.310208  2.30718e-16     -1.79106            0            0        0.267            0            0      2.75467    0.0749497      1.00799       -1.113 -0.000251086     -1.59399    0.0370958      1.02202   -0.0209895    -0.854931        1.113  0.000271173        1.561   -0.0280979       -1.052    0.0210068
0.0337838 -4.4041 -15.7759  -0.173343 0.00573824    1.57292      1.009    1.16108   0.379061 -3.20924e-17     -1.78883            0            0        0.267            0            0      2.75467    0.0749497      1.00799       -1.113 -0.000251086     -1.59399    0.0370958      1.02202   -0.0209895    -0.854931        1.113  0.000271173        1.561   -0.0280979       -1.052    0.0210068
0.0320448 -3.53972 -15.1968 -0.170837 0.0212695   1.60548  0.936824   1.17312  0.388569   2.1928e-16     -1.78589            0            0        0.267            0            0      2.75467    0.0749445      1.00799       -1.113 -0.000251086     -1.59399    0.0370958      1.02202   -0.0209895    -0.854931        1.113  0.000271173        1.561   -0.0280979       -1.052    0.0210068
0.0335464 -2.58702 -15.9135 -0.166073 0.0444556   1.64292  0.925024   1.18799  0.444215 -1.87459e-16     -1.77998            0            0        0.267            0            0      2.75467    0.0749445      1.00799       -1.113 -0.000251086     -1.59399    0.0370958      1.02202   -0.0209895    -0.854931        1.113  0.000271173        1.561   -0.0280979       -1.052    0.0210068
0.0334677 -3.43738 -14.7356 -0.160187 0.0309419   1.67797  0.908651   1.19967  0.376608 -3.08456e-16     -1.77452            0            0        0.267            0            0      2.75467    0.0749445      1.00799       -1.113 -0.000251086     -1.59399    0.0370958      1.02202   -0.0209895    -0.854931        1.113  0.000271173        1.561   -0.0280979       -1.052    0.0210068
0.0335341 -3.20542 -15.513 -0.155832 0.0267723   1.71332   0.93592   1.21307  0.410252 -5.31259e-17     -1.77157            0            0        0.267            0            0      2.75467    0.0749445      1.00799       -1.113 -0.000251086     -1.59399    0.0370958      1.02202   -0.0209895    -0.854931        1.113  0.000271173        1.561   -0.0280979       -1.052    0.0210068
0.0328366 -2.7113 -15.3185 -0.154087  0.023164   1.74371  0.901488   1.22538  0.420239  6.50521e-19     -1.76993            0            0        0.267            0            0      2.75467    0.0749445      1.00799       -1.113 -0.000251086     -1.59399    0.0370958      1.02202   -0.0209895    -0.854931        1.113  0.000271173        1.561   -0.0280979       -1.052    0.0210068
0.0335758 -3.63577 -14.6347    -0.151411 -0.000515714      1.77854     0.913521      1.23784     0.366629  1.78351e-16     -1.76711            0            0        0.267            0            0      2.75467    0.0749392      1.00799       -1.113 -0.000251086     -1.59399    0.0370958      1.02202   -0.0209895    -0.854931        1.113  0.000271173        1.561   -0.0280979       -1.052    0.0210068
0.0331361 -5.94435 -13.4021  -0.149066 -0.0140319    1.81161   0.967324    1.24596   0.248593  1.50162e-16     -1.76483            0            0        0.267            0            0      2.75467    0.0749392      1.00799       -1.113 -0.000251086     -1.59399    0.0370958      1.02202   -0.0209895    -0.854931        1.113  0.000271173        1.561   -0.0280979       -1.052    0.0210068
0.0332661 -7.07245 -11.6629   -0.14639 -0.0132626    1.84565   0.936767    1.25501   0.153015 -2.99457e-16     -1.76131            0            0        0.267            0            0      2.75467    0.0749392      1.00799       -1.113 -0.000251086     -1.59399    0.0370958      1.02202   -0.0209895    -0.854931        1.113  0.000271173        1.561   -0.0280979       -1.052    0.0210068
0.0335774 -5.80243 -11.0225  -0.142887 -0.0162557    1.87864   0.841248    1.25915   0.174003  4.63225e-16     -1.75857            0            0        0.267            0            0      2.75467    0.0749392      1.00799       -1.113 -0.000251086     -1.59399    0.0370958      1.02202   -0.0209895    -0.854931        1.113  0.000271173        1.561   -0.0280979       -1.052    0.0210068
0.0330733 -7.74481 -9.38761  -0.140229 -0.0304993     1.9091   0.856621    1.26224  0.0547599 -6.83047e-17     -1.75563            0            0        0.267            0            0      2.75467    0.0749392      1.00799       -1.113 -0.000251086     -1.59399    0.0370958      1.02202   -0.0209895    -0.854931        1.113  0.000271173        1.561   -0.0280979       -1.052    0.0210068
0.0334026 -7.41739 -8.07485  -0.137585 -0.0101548    1.94049   0.774612    1.26355  0.0219152  1.87459e-16      -1.7528            0            0        0.267            0            0      2.75467    0.0749392      1.00799       -1.113 -0.000251086     -1.59399    0.0370958      1.02202   -0.0209895    -0.854931        1.113  0.000271173        1.561   -0.0280979       -1.052    0.0210068
0.0334096 -9.63183 -6.24317   -0.134518 -0.00393579     1.97125     0.79375     1.26203   -0.112955  3.79471e-17     -1.74985            0            0        0.267            0            0      2.75467    0.0749392      1.00799       -1.113 -0.000251086     -1.59399    0.0370958      1.02202   -0.0209895    -0.854931        1.113  0.000271173        1.561   -0.0280979       -1.052    0.0210068
0.0331169 -8.90101 -5.29064  -0.132365 0.00442253    1.99676   0.709582     1.2592  -0.120346 -4.90493e-16     -1.74857            0            0        0.267            0            0      2.75467    0.0749392      1.00799       -1.113 -0.000251086     -1.59399    0.0370958      1.02202   -0.0209895    -0.854931        1.113  0.000271173        1.561   -0.0280979       -1.052    0.0210068
0.0348329 -9.78347 -5.13982 -0.130701 0.0146636   2.02376  0.746165   1.25365 -0.154788  5.52455e-16     -1.74598            0            0        0.267            0            0      2.75467    0.0749392      1.00799       -1.113 -0.000251086     -1.59399    0.0370958      1.02202   -0.0209895    -0.854931        1.113  0.000271173        1.561   -0.0280979       -1.052    0.0210068
0.0322615 -11.2405 -4.33786 -0.128131 0.0177856   2.04995   0.77892   1.24815 -0.230089  1.59215e-16      -1.7439            0            0        0.267            0            0      2.75467    0.0749392      1.00799       -1.113 -0.000251086     -1.59399    0.0370958      1.02202   -0.0209895    -0.854931        1.113  0.000271173        1.561   -0.0280979       -1.052    0.0210068
0.0329651 -11.7526 -3.58391    -0.126914 -0.000445154      2.07651     0.766825      1.23821     -0.27229 -3.98661e-16     -1.74414            0            0        0.267            0            0      2.75467    0.0749392      1.00799       -1.113 -0.000251086     -1.59399    0.0370958      1.02202   -0.0209895    -0.854931        1.113  0.000271173        1.561   -0.0280979       -1.052    0.0210068
0.0331787 -13.0883 -2.87386   -0.127813 -0.00236068     2.09996    0.798106      1.2302    -0.34048 -7.83878e-17      -1.7451            0            0        0.267            0            0      2.75467    0.0749392      1.00799       -1.113 -0.000251086     -1.59399    0.0370958      1.02202   -0.0209895    -0.854931        1.113  0.000271173        1.561   -0.0280979       -1.052    0.0210068
0.0337192 -12.9639 -2.35617  -0.128421 -0.0154407    2.12663   0.766003      1.218  -0.353591 -2.21719e-16     -1.74577            0            0        0.267            0            0      2.75467    0.0749445      1.00799       -1.113 -0.000251086     -1.59399    0.0370958      1.02202   -0.0209895    -0.854931        1.113  0.000271173        1.561   -0.0280979       -1.052    0.0210068
0.0336321 -14.7835 -1.4439  -0.129365 -0.0210126    2.15139   0.811372    1.20632  -0.444655 -3.61473e-16      -1.7465            0            0        0.267            0            0      2.75467    0.0749445      1.00799       -1.113 -0.000251086     -1.59399    0.0370958      1.02202   -0.0209895    -0.854931        1.113  0.000271173        1.561   -0.0280979       -1.052    0.0210068
0.0352337 -13.4074 -1.48738   -0.129764 0.000516616     2.17869    0.744737     1.19108   -0.397333 -5.81566e-16     -1.74649            0            0        0.267            0            0      2.75467    0.0749445      1.00799       -1.113 -0.000251086     -1.59399    0.0370958      1.02202   -0.0209895    -0.854931        1.113  0.000271173        1.561   -0.0280979       -1.052    0.0210068
0.0309483 -14.8559 -0.0453589   -0.128053 -0.00353349     2.20449    0.745065     1.17705   -0.493686 -3.73182e-16      -1.7434            0            0        0.267            0            0      2.75467    0.0749445      1.00799       -1.113 -0.000251086     -1.59399    0.0370958      1.02202   -0.0209895    -0.854931        1.113  0.000271173        1.561   -0.0280979       -1.052    0.0210068
0.0333251 -15.0798 1.37741   -0.125459 -0.00453249     2.22954     0.68512     1.16077   -0.548574 -5.31259e-18     -1.74144            0            0        0.267            0            0      2.75467    0.0749445      1.00799       -1.113 -0.000251086     -1.59399    0.0370958      1.02202   -0.0209895    -0.854931        1.113  0.000271173        1.561   -0.0280979       -1.052    0.0210068
0.0339105 -14.4332 1.86008  -0.12349 0.0110367    2.2546  0.628656   1.14134 -0.543109  7.93636e-17     -1.73883            0            0        0.267            0            0      2.75467    0.0749445      1.00799       -1.113 -0.000251086     -1.59399    0.0370958      1.02202   -0.0209895    -0.854931        1.113  0.000271173        1.561   -0.0280979       -1.052    0.0210068
0.0329467 -14.8914 2.7077 -0.119788 0.0169876   2.27768  0.609184   1.12312 -0.586636  1.31947e-16     -1.73414            0            0        0.267            0            0      2.75467    0.0749445      1.00799       -1.113 -0.000251086     -1.59399    0.0370958      1.02202   -0.0209895    -0.854931        1.113  0.000271173        1.561   -0.0280979       -1.052    0.0210068
0.0335989 -15.6651 3.43796 -0.115547 0.0174769   2.30234  0.611359   1.10144  -0.63677 -5.75495e-16     -1.73063            0            0        0.267            0            0      2.75467    0.0749445      1.00799       -1.113 -0.000251086     -1.59399    0.0370958      1.02202   -0.0209895    -0.854931        1.113  0.000271173        1.561   -0.0280979       -1.052    0.0210068
0.0328701 -15.1055 2.97083  -0.112854 0.00660135    2.32367   0.606731    1.08217  -0.602543 -1.19913e-16     -1.72904            0            0        0.267            0            0      2.75467    0.0749445      1.00799       -1.113 -0.000251086     -1.59399    0.0370958      1.02202   -0.0209895    -0.854931        1.113  0.000271173        1.561   -0.0280979       -1.052    0.0210068
0.0333048 -15.1039 4.7336    -0.11235 -0.00918342     2.34334    0.518514     1.05893    -0.66125 -6.37511e-17     -1.72965            0            0        0.267            0            0      2.75467    0.0749445      1.00799       -1.113 -0.000251086     -1.59399    0.0370958      1.02202   -0.0209895    -0.854931        1.113  0.000271173        1.561   -0.0280979       -1.052    0.0210068
0.0332306 -15.4816 5.40711  -0.112615 0.00183445    2.35894   0.503726    1.03688  -0.696291  1.36393e-16     -1.72909            0            0        0.267            0            0      2.75467    0.0749445      1.00799       -1.113 -0.000251086     -1.59399    0.0370958      1.02202   -0.0209895    -0.854931        1.113  0.000271173        1.561   -0.0280979       -1.052    0.0210068
0.0340481 -14.2596 6.07286    -0.112505 -0.000428865      2.37549     0.409336       1.0128    -0.677748 -1.27394e-16     -1.72964            0            0        0.267            0            0      2.75467    0.0749445      1.00799       -1.113 -0.000251086     -1.59399    0.0370958      1.02202   -0.0209895    -0.854931        1.113  0.000271173        1.561   -0.0280979       -1.052    0.0210068
0.032673 -13.1618 6.53141  -0.113145 -0.0161434    2.38737   0.331519   0.990335   -0.65644 -1.25551e-16     -1.73016            0            0        0.267            0            0      2.75467    0.0749445      1.00799       -1.113 -0.000251086     -1.59399    0.0370958      1.02202   -0.0209895    -0.854931        1.113  0.000271173        1.561   -0.0280979       -1.052    0.0210068
0.0334017 -13.0774 7.00004  -0.114161 0.00213615    2.39693   0.303867   0.968448  -0.669247  1.40946e-18     -1.73131            0            0        0.267            0            0      2.75467    0.0749445      1.00799       -1.113 -0.000251086     -1.59399    0.0370958      1.02202   -0.0209895    -0.854931        1.113  0.000271173        1.561   -0.0280979       -1.052    0.0210068
0.0333823 -13.1813 7.21344  -0.114737 -0.0134043    2.40693   0.298393   0.945829  -0.679825 -5.30175e-17     -1.73205            0            0        0.267            0            0      2.75467    0.0749445      1.00799       -1.113 -0.000251086     -1.59399    0.0370958      1.02202   -0.0209895    -0.854931        1.113  0.000271173        1.561   -0.0280979       -1.052    0.0210068
0.0336564 -10.0241 6.42402   -0.115669 0.000335711     2.41327    0.180003    0.925251    -0.54827 -6.80771e-16      -1.7321            0            0        0.267            0            0      2.75467    0.0749497      1.00799       -1.113 -0.000251086     -1.59399    0.0370958      1.02202   -0.0209895    -0.854931        1.113  0.000271173        1.561   -0.0280979       -1.052    0.0210068
0.0328378 -10.0392 6.7356   -0.116174 0.000460736     2.41774     0.16518    0.908234    -0.55916 -7.10152e-17     -1.73361            0            0        0.267            0            0      2.75467    0.0749497      1.00799       -1.113 -0.000251086     -1.59399    0.0370958      1.02202   -0.0209895    -0.854931        1.113  0.000271173        1.561   -0.0280979       -1.052    0.0210068
0.033634 -7.79573 6.44728   -0.116542 -0.00187839      2.4213   0.0674224    0.891217   -0.474767 -3.79037e-16     -1.73309            0            0        0.267            0            0      2.75467    0.0749497      1.00799       -1.113 -0.000251086     -1.59399    0.0370958      1.02202   -0.0209895    -0.854931        1.113  0.000271173        1.561   -0.0280979       -1.052    0.0210068
0.0335473 -6.44143 6.41045   -0.116273 -0.00238158     2.42325  0.00154924    0.875719   -0.428396  -2.0383e-17     -1.73312            0            0        0.267            0            0      2.75467    0.0749497      1.00799       -1.113 -0.000251086     -1.59399    0.0370958      1.02202   -0.0209895    -0.854931        1.113  0.000271173        1.561   -0.0280979       -1.052    0.0210068
0.0335348 -6.11685 6.27915   -0.116676 -0.00670911      2.4231 -0.00811526    0.861111     -0.4132  2.47686e-16     -1.73406            0            0        0.267            0            0      2.75467    0.0749497      1.00799       -1.113 -0.000251086     -1.59399    0.0370958      1.02202   -0.0209895    -0.854931        1.113  0.000271173        1.561   -0.0280979       -1.052    0.0210068
0.0325907 -4.69509 5.85247  -0.117825 -0.0131761    2.41991 -0.0578693   0.849015  -0.351585  2.35272e-17      -1.7351            0            0        0.267            0            0      2.75467    0.0749497      1.00799       -1.113 -0.000251086     -1.59399    0.0370958      1.02202   -0.0209895    -0.854931        1.113  0.000271173        1.561   -0.0280979       -1.052    0.0210068
0.0337902 -3.34607 6.21998   -0.119241 -0.00821797      2.4163   -0.143696    0.837915   -0.318868  -9.1073e-18     -1.73666            0            0        0.267            0            0      2.75467    0.0749497      1.00799       -1.113 -0.000251086     -1.59399    0.0370958      1.02202   -0.0209895    -0.854931        1.113  0.000271173        1.561   -0.0280979       -1.052    0.0210068
0.0352425 -2.47825 5.8261   -0.120912 -0.00192229     2.40944   -0.167392    0.827181   -0.276812  7.02021e-17     -1.73858            0            0        0.267            0            0      2.75467    0.0749445      1.00799       -1.113 -0.000251086     -1.59399    0.0370958      1.02202   -0.0209895    -0.854931        1.113  0.000271173        1.561   -0.0280979       -1.052    0.0210068
0.0311862 -0.956628 5.65986  -0.122429 -0.0222341    2.40248  -0.235162   0.819851   -0.22055  -1.3108e-16     -1.74046            0            0        0.267            0            0      2.75467    0.0749445      1.00799       -1.113 -0.000251086     -1.59399    0.0370958      1.02202   -0.0209895    -0.854931        1.113  0.000271173        1.561   -0.0280979       -1.052    0.0210068
0.0338235 -2.91167 6.10838   -0.124406 -0.00663724     2.39386   -0.159836    0.811107   -0.300668 -2.37549e-16      -1.7414            0            0        0.267            0            0      2.75467    0.0749445      1.00799       -1.113 -0.000251086     -1.59399    0.0370958      1.02202   -0.0209895    -0.854931        1.113  0.000271173        1.561   -0.0280979       -1.052    0.0210068
0.0327745 -3.06166 6.20981 -0.126393 -0.023328   2.38742 -0.157408  0.801001 -0.309049 -1.95156e-16     -1.74551            0            0        0.267            0            0      2.75467    0.0749445      1.00799       -1.113 -0.000251086     -1.59399    0.0370958      1.02202   -0.0209895    -0.854931        1.113  0.000271173        1.561   -0.0280979       -1.052    0.0210068
0.0333378 -3.55231 5.73306   -0.130225 -0.00260173     2.37872   -0.109038    0.790372   -0.309513 -1.84531e-16     -1.74784            0            0        0.267            0            0      2.75467    0.0749392      1.00799       -1.113 -0.000251086     -1.59399    0.0370958      1.02202   -0.0209895    -0.854931        1.113  0.000271173        1.561   -0.0280979       -1.052    0.0210068
0.033469 -6.08271 7.807  -0.130871 -0.0106181    2.37514 -0.0862145   0.777282  -0.462991 -2.24647e-16     -1.74773            0            0        0.267            0            0      2.75467    0.0749392      1.00799       -1.113 -0.000251086     -1.59399    0.0370958      1.02202   -0.0209895    -0.854931        1.113  0.000271173        1.561   -0.0280979       -1.052    0.0210068
0.0354767 -8.04123 8.87618   -0.13202 -0.0263438     2.3721 -0.0417476   0.760318  -0.563914  3.27429e-17     -1.75029            0            0        0.267            0            0      2.75467    0.0749392      1.00799       -1.113 -0.000251086     -1.59399    0.0370958      1.02202   -0.0209895    -0.854931        1.113  0.000271173        1.561   -0.0280979       -1.052    0.0210068
0.0310715 -9.51462 9.23973  -0.134746 -0.0112944    2.36891  0.0137446   0.743091  -0.625145   4.2067e-17     -1.75179            0            0        0.267            0            0      2.75467    0.0749339      1.00799       -1.113 -0.000251086     -1.59399    0.0370958      1.02202   -0.0209895    -0.854931        1.113  0.000271173        1.561   -0.0280979       -1.052    0.0210068
0.0332928 -11.1939 9.52879  -0.135021 0.00808833    2.36978  0.0832534     0.7211  -0.690755  2.58365e-16     -1.75186            0            0        0.267            0            0      2.75467    0.0749339      1.00799       -1.113 -0.000251086     -1.59399    0.0370958      1.02202   -0.0209895    -0.854931        1.113  0.000271173        1.561   -0.0280979       -1.052    0.0210068
0.0331963 -11.3928 9.88619   -0.135268 -0.00909624     2.37194   0.0753286    0.698167   -0.709298 -9.74698e-17     -1.75251            0            0        0.267            0            0      2.75467    0.0749392      1.00799       -1.113 -0.000251086     -1.59399    0.0370958      1.02202   -0.0209895    -0.854931        1.113  0.000271173        1.561   -0.0280979       -1.052    0.0210068
0.0334663 -13.8722 11.6084  -0.135576 0.00832538    2.37656   0.113187   0.669578  -0.849354  1.37694e-16     -1.75197            0            0        0.267            0            0      2.75467    0.0749392      1.00799       -1.113 -0.000251086     -1.59399    0.0370958      1.02202   -0.0209895    -0.854931        1.113  0.000271173        1.561   -0.0280979       -1.052    0.0210068
0.0342851 -16.3638 12.6474   -0.13444 0.00496016    2.38293   0.185818   0.637953  -0.967039 -9.07477e-17     -1.75051            0            0        0.267            0            0      2.75467    0.0749392      1.00799       -1.113 -0.000251086     -1.59399    0.0370958      1.02202   -0.0209895    -0.854931        1.113  0.000271173        1.561   -0.0280979       -1.052    0.0210068
0.0324741 -17.7531 13.4358  -0.133371 0.00154693     2.3907   0.215865   0.606327   -1.03963  -5.0307e-17     -1.74993            0            0        0.267            0            0      2.75467    0.0749392      1.00799       -1.113 -0.000251086     -1.59399    0.0370958      1.02202   -0.0209895    -0.854931        1.113  0.000271173        1.561   -0.0280979       -1.052    0.0210068
0.0330888 -18.8682 13.3528   -0.133351 0.000956443     2.39669    0.275771    0.571037    -1.07403  2.49366e-18     -1.75023            0            0        0.267            0            0      2.75467    0.0749392      1.00799       -1.113 -0.000251086     -1.59399    0.0370958      1.02202   -0.0209895    -0.854931        1.113  0.000271173        1.561   -0.0280979       -1.052    0.0210068
0.0336009 -19.1863 14.7571  -0.133882 -0.0102307    2.40538   0.221456   0.531872   -1.13145  7.00395e-17      -1.7514            0            0        0.267            0            0      2.75467    0.0749392      1.00799       -1.113 -0.000251086     -1.59399    0.0370958      1.02202   -0.0209895    -0.854931        1.113  0.000271173        1.561   -0.0280979       -1.052    0.0210068
0.0332445 -20.2339 14.6457  -0.134689 0.00252269    2.41316   0.279414   0.495429   -1.16265  1.15955e-16     -1.75131            0            0        0.267            0            0      2.75467    0.0749445      1.00799       -1.113 -0.000251086     -1.59399    0.0370958      1.02202   -0.0209895    -0.854931        1.113  0.000271173        1.561   -0.0280979       -1.052    0.0210068
0.0339169 -20.4767 14.652  -0.134761 -0.0116931    2.42235   0.291236   0.454327   -1.17095 -5.26922e-16     -1.75197            0            0        0.267            0            0      2.75467    0.0749445      1.00799       -1.113 -0.000251086     -1.59399    0.0370958      1.02202   -0.0209895    -0.854931        1.113  0.000271173        1.561   -0.0280979       -1.052    0.0210068
0.033049 -20.1067 15.5519  -0.135239 -0.0130748    2.42973   0.227736   0.417256   -1.18862 -1.88543e-16      -1.7523            0            0        0.267            0            0      2.75467    0.0749445      1.00799       -1.113 -0.000251086     -1.59399    0.0370958      1.02202   -0.0209895    -0.854931        1.113  0.000271173        1.561   -0.0280979       -1.052    0.0210068
0.0330263 -18.3204 15.8523  -0.135976 0.00086263    2.43595   0.123405   0.376153   -1.13909 -5.22585e-17     -1.75288            0            0        0.267            0            0      2.75467    0.0749445      1.00799       -1.113 -0.000251086     -1.59399    0.0370958      1.02202   -0.0209895    -0.854931        1.113  0.000271173        1.561   -0.0280979       -1.052    0.0210068
0.0337735 -18.1662 16.1056  -0.135686 0.00907921    2.44028   0.103028   0.339973   -1.14239  3.33501e-16       -1.752            0            0        0.267            0            0      2.75467    0.0749497      1.00799       -1.113 -0.000251086     -1.59399    0.0370958      1.02202   -0.0209895    -0.854931        1.113  0.000271173        1.561   -0.0280979       -1.052    0.0210068
0.0351654 -16.3948 16.0563 -0.132899 0.0103807   2.44531 0.0169241   0.30086   -1.0817 -3.57787e-16     -1.74771            0            0        0.267            0            0      2.75467    0.0749497      1.00799       -1.113 -0.000251086     -1.59399    0.0370958      1.02202   -0.0209895    -0.854931        1.113  0.000271173        1.561   -0.0280979       -1.052    0.0210068
0.0317145 -16.474 16.3947  -0.130195 0.00953614    2.44812 0.00396747   0.266407   -1.09562 -2.81893e-18     -1.74646            0            0        0.267            0            0      2.75467    0.0749497      1.00799       -1.113 -0.000251086     -1.59399    0.0370958      1.02202   -0.0209895    -0.854931        1.113  0.000271173        1.561   -0.0280979       -1.052    0.0210068
0.0327076 -14.9868 16.2256   -0.129834 -0.00445295     2.44744  -0.0619373    0.233839    -1.04041 -2.15431e-16     -1.74677            0            0        0.267            0            0      2.75467    0.0749497      1.00799       -1.113 -0.000251086     -1.59399    0.0370958      1.02202   -0.0209895    -0.854931        1.113  0.000271173        1.561   -0.0280979       -1.052    0.0210068
